0000000000000000000000000000000000000000000000000000000000000000
0111100001000111110000011110000100011111000011110000000011110000
0111100001000111110000011110000100011111000011110000000011110000
0111100001000111110000011110000100011111000011110000000011110000
0111100001000111110000011110000100011111000011110000000011110000
0000000000000000000000000000000000000000000000000000000000000000
0111100001000111110000011110000100011111000011110000000011110000
0111100001000111110000011110000100011111000011110000000011110000
0111100001000111110000011110000100011111000011110000000011110000
0111100001000111110000011110000100011111000011110000000011110000
0000000000000000000000000000000000000000000000000000000000000000
0111100001000111110000011110000100011111000011110000000011110000
0111100001000111110000011110000100011111000011110000000011110000
0111100001000111110000011110000100011111000011110000000011110000
0111100001000111110000011110000100011111000011110000000011110000
0000000000000000000000000000000000000000000000000000000000000000
0111100001000111110000011110000100011111000011110000000011110000
0111100001000111110000011110000100011111000011110000000011110000
0111100001000111110000011110000100011111000011110000000011110000
0111100001000111110000011110000100011111000011110000000011110000
0000000000000000000000000000000000000000000000000000000000000000
0111100001000111110000011110000100011111000011110000000011110000
0111100001000111110000011110000100011111000011110000000011110000
0111100001000111110000011110000100011111000011110000000011110000
0111100001000111110000011110000100011111000011110000000011110000
0000000000000000000000000000000000000000000000000000000000000000
0111100001000111110000011110000100011111000011110000000011110000
0111100001000111110000011110000100011111000011110000000011110000
0111100001000111110000011110000100011111000011110000000011110000
0111100001000111110000011110000100011111000011110000000011110000
0000000000000000000000000000000000000000000000000000000000000000
0000000000000000000000000000000000000000000000000000000000000000